0 276
0 58
0 132
0 603
0 398
0 555
276 113
276 149
276 276
276 296
276 619
276 494
276 398
276 598
276 555
58 23
58 35
58 89
58 90
58 265
58 601
58 434
58 537
58 350
58 603
58 611
58 616
58 302
58 87
58 667
58 668
58 744
58 795
132 198
603 56
603 67
603 68
603 90
603 157
603 182
603 198
603 217
603 238
603 151
603 271
603 317
603 361
603 340
603 350
603 355
603 372
603 39
603 446
603 558
603 576
603 584
603 597
603 601
603 616
603 622
603 630
603 639
603 644
603 649
603 650
603 658
603 659
603 667
603 669
603 682
603 686
603 690
603 691
603 695
603 696
603 700
603 712
603 718
603 724
603 725
603 726
603 734
603 735
603 738
603 746
603 753
603 763
603 765
603 769
603 774
603 776
603 788
603 795
603 804
603 805
603 807
603 816
398 113
398 194
398 319
398 365
398 522
398 598
398 555
555 113
555 149
555 202
555 308
555 358
555 365
555 423
555 459
555 467
555 494
555 522
555 565
555 619
555 598
555 622
555 668
555 774
113 52
113 559
113 358
113 494
113 319
113 222
113 522
149 494
149 319
149 522
619 90
619 289
619 229
619 357
619 319
619 522
619 194
494 467
494 52
494 222
494 319
494 332
494 358
494 522
494 598
598 522
23 182
23 227
23 434
23 9
23 288
23 340
23 128
23 257
23 277
23 157
23 343
23 54
23 67
23 667
23 744
35 265
35 611
35 90
35 7
35 536
35 383
35 289
35 389
35 131
35 597
35 338
35 87
35 89
35 601
35 56
35 439
35 615
35 195
35 198
35 618
35 243
35 667
35 668
35 738
35 744
35 781
35 795
89 182
89 90
89 151
89 254
89 9
89 317
89 288
89 446
89 32
89 34
89 54
89 56
89 67
89 70
89 419
89 83
89 87
89 245
89 155
89 597
89 505
89 432
89 324
89 128
89 300
89 343
89 136
89 116
89 558
89 601
89 221
89 340
89 248
89 569
89 275
89 570
89 584
89 217
89 350
89 465
89 351
89 622
89 624
89 627
89 639
89 641
89 646
89 649
89 667
89 668
89 672
89 674
89 681
89 682
89 686
89 696
89 697
89 701
89 702
89 707
89 708
89 709
89 710
89 712
89 716
89 719
89 723
89 727
89 733
89 735
89 744
89 746
89 753
89 763
89 774
89 795
89 808
89 812
89 814
89 817
90 265
90 611
90 182
90 557
90 227
90 9
90 56
90 67
90 70
90 87
90 317
90 473
90 116
90 206
90 355
90 157
90 505
90 389
90 479
90 434
90 324
90 550
90 130
90 131
90 584
90 208
90 597
90 601
90 372
90 340
90 342
90 229
90 275
90 198
90 289
90 217
90 350
90 439
90 373
90 238
90 413
90 195
90 616
90 580
90 351
90 242
90 151
90 622
90 624
90 625
90 629
90 646
90 648
90 652
90 660
90 662
90 682
90 688
90 697
90 700
90 701
90 715
90 718
90 719
90 730
90 733
90 734
90 735
90 738
90 739
90 742
90 744
90 751
90 757
90 759
90 760
90 767
90 769
90 774
90 784
90 795
90 799
90 802
90 805
265 1
265 2
265 4
265 7
265 9
265 15
265 18
265 408
265 32
265 34
265 41
265 43
265 44
265 54
265 56
265 59
265 60
265 62
265 67
265 68
265 70
265 71
265 419
265 83
265 87
265 88
265 97
265 107
265 111
265 112
265 116
265 120
265 121
265 128
265 131
265 136
265 140
265 143
265 148
265 155
265 159
265 161
265 166
265 169
265 172
265 182
265 183
265 198
265 217
265 221
265 227
265 229
265 233
265 238
265 242
265 243
265 151
265 245
265 246
265 254
265 257
265 261
265 317
265 476
265 320
265 479
265 322
265 324
265 271
265 175
265 338
265 340
265 341
265 312
265 345
265 346
265 404
265 349
265 350
265 351
265 505
265 321
265 360
265 361
265 364
265 343
265 372
265 375
265 439
265 531
265 383
265 384
265 386
265 510
265 549
265 397
265 458
265 558
265 265
265 569
265 275
265 570
265 277
265 352
265 576
265 578
265 584
265 288
265 426
265 588
265 432
265 433
265 436
265 594
265 300
265 597
265 302
265 446
265 599
265 601
265 449
265 248
265 454
265 456
265 309
265 611
265 464
265 465
265 615
265 616
265 622
265 623
265 627
265 648
265 650
265 658
265 660
265 664
265 667
265 668
265 681
265 682
265 683
265 686
265 692
265 698
265 699
265 701
265 702
265 708
265 709
265 716
265 719
265 728
265 733
265 736
265 738
265 742
265 759
265 760
265 762
265 767
265 771
265 778
265 780
265 781
265 783
265 785
265 801
265 802
265 809
265 812
265 814
601 151
601 289
601 131
601 340
601 56
601 70
601 87
601 208
601 597
601 167
601 198
601 217
601 247
601 576
601 589
601 616
601 647
601 660
601 667
601 686
601 700
601 716
601 725
601 727
601 734
601 738
601 744
601 774
601 805
601 815
434 352
434 8
434 9
434 41
434 67
434 70
434 88
434 116
434 242
434 275
434 288
434 317
434 323
434 340
434 343
434 350
434 505
434 584
434 597
434 622
434 639
434 658
434 668
434 686
434 723
434 734
434 738
434 744
434 781
537 96
350 611
350 182
350 317
350 288
350 446
350 56
350 195
350 87
350 389
350 198
350 217
350 60
350 135
350 177
350 283
350 463
350 404
350 413
350 622
350 660
350 667
350 668
350 700
350 712
350 734
350 735
350 738
350 753
350 765
350 774
350 783
350 785
350 788
350 795
350 805
611 1
611 9
611 32
611 41
611 56
611 62
611 67
611 70
611 87
611 116
611 136
611 166
611 169
611 172
611 182
611 217
611 238
611 242
611 151
611 245
611 275
611 288
611 300
611 317
611 361
611 324
611 340
611 343
611 383
611 372
611 175
611 426
611 432
611 436
611 446
611 449
611 248
611 458
611 505
611 584
611 615
611 597
611 621
611 623
611 624
611 626
611 635
611 639
611 644
611 656
611 658
611 660
611 667
611 668
611 669
611 677
611 686
611 700
611 701
611 705
611 708
611 709
611 710
611 711
611 713
611 716
611 724
611 729
611 732
611 734
611 738
611 750
611 760
611 763
611 767
611 770
611 771
611 774
611 775
611 793
611 794
611 795
611 800
611 802
611 805
611 809
611 814
616 352
616 288
616 446
616 340
616 56
616 70
616 324
616 355
616 238
616 257
616 343
616 558
616 87
616 116
616 239
616 245
616 361
616 372
616 639
616 647
616 660
616 667
616 668
616 686
616 692
616 724
616 765
616 781
616 785
616 802
302 536
87 182
87 227
87 151
87 289
87 131
87 340
87 229
87 56
87 257
87 526
87 389
87 479
87 597
87 338
87 175
87 217
87 375
87 576
87 439
87 580
87 198
87 622
87 623
87 625
87 627
87 630
87 640
87 643
87 646
87 648
87 653
87 668
87 673
87 687
87 692
87 696
87 700
87 701
87 707
87 708
87 709
87 723
87 724
87 725
87 727
87 732
87 734
87 735
87 738
87 744
87 747
87 748
87 753
87 754
87 755
87 756
87 763
87 767
87 769
87 771
87 774
87 775
87 785
87 788
87 795
87 799
87 801
87 802
87 803
87 805
87 813
87 814
667 182
667 227
667 151
667 518
667 317
667 288
667 593
667 550
667 131
667 340
667 248
667 229
667 570
667 465
667 67
667 498
667 70
667 432
667 545
667 334
667 374
667 613
667 143
667 238
667 128
667 343
667 230
667 31
667 357
667 491
667 41
667 524
667 164
667 526
667 181
667 558
667 224
667 235
667 389
667 597
667 198
667 253
667 217
667 584
667 245
667 311
668 182
668 352
668 151
668 254
668 288
668 289
668 593
668 550
668 131
668 446
668 340
668 248
668 229
668 570
668 465
668 498
668 432
668 516
668 545
668 334
668 117
668 613
668 238
668 343
668 357
668 491
668 41
668 524
668 164
668 526
668 181
668 558
668 224
668 235
668 195
668 389
668 597
668 253
668 50
668 154
668 116
668 217
668 584
668 245
668 323
668 576
668 136
668 311
668 404
744 182
744 352
744 151
744 254
744 9
744 288
744 593
744 446
744 248
744 229
744 56
744 570
744 465
744 498
744 70
744 505
744 516
744 545
744 334
744 374
744 117
744 613
744 143
744 238
744 128
744 343
744 230
744 491
744 41
744 164
744 526
744 181
744 558
744 224
744 235
744 389
744 597
744 198
744 253
744 50
744 154
744 217
744 584
744 245
744 323
744 372
744 563
744 576
744 136
744 311
744 404
795 182
795 227
795 151
795 254
795 9
795 288
795 289
795 550
795 446
795 340
795 229
795 465
795 67
795 70
795 505
795 432
795 545
795 374
795 613
795 343
795 357
795 491
795 524
795 164
795 526
795 235
795 195
795 198
795 253
795 50
795 116
795 217
795 584
795 245
795 372
198 182
198 317
198 340
198 229
198 56
198 67
198 505
198 432
198 355
198 238
198 558
198 597
198 60
198 68
198 116
198 245
198 217
198 372
198 102
198 577
198 580
198 624
198 631
198 632
198 644
198 647
198 648
198 650
198 652
198 655
198 657
198 658
198 677
198 686
198 703
198 707
198 708
198 718
198 721
198 723
198 725
198 732
198 734
198 735
198 736
198 763
198 765
198 768
198 771
198 772
198 785
198 808
198 809
198 815
56 182
56 345
56 151
56 9
56 289
56 131
56 15
56 340
56 229
56 68
56 383
56 116
56 70
56 597
56 505
56 389
56 479
56 359
56 128
56 439
56 130
56 217
56 338
56 584
56 375
56 102
56 60
56 235
56 577
56 465
56 238
56 195
56 617
56 244
56 351
56 67
56 621
56 622
56 623
56 639
56 641
56 647
56 675
56 676
56 686
56 691
56 693
56 712
56 727
56 734
56 738
56 739
56 743
56 745
56 747
56 748
56 749
56 755
56 759
56 765
56 767
56 775
56 781
56 783
56 786
56 794
56 798
56 804
56 805
67 352
67 254
67 9
67 317
67 288
67 289
67 249
67 593
67 550
67 131
67 15
67 340
67 248
67 229
67 570
67 189
67 107
67 465
67 43
67 46
67 50
67 245
67 419
67 68
67 70
67 291
67 505
67 389
67 253
67 323
67 440
67 445
67 181
67 338
67 372
67 183
67 325
67 146
67 102
67 577
67 410
67 578
67 531
67 469
67 351
67 416
67 498
67 624
67 629
67 648
67 654
67 658
67 660
67 662
67 672
67 673
67 686
67 688
67 690
67 691
67 692
67 693
67 700
67 706
67 716
67 723
67 724
67 725
67 727
67 734
67 735
67 751
67 765
67 774
67 778
67 783
67 785
67 802
67 805
67 815
68 288
68 340
68 70
68 505
68 242
157 288
157 289
157 131
157 257
157 585
157 604
157 510
182 2
182 557
182 50
182 116
182 131
182 143
182 166
182 246
182 317
182 473
182 289
182 389
182 300
182 463
182 375
182 456
182 229
182 345
182 439
182 195
182 451
182 622
182 626
182 630
182 631
182 636
182 638
182 639
182 640
182 646
182 648
182 649
182 658
182 660
182 662
182 665
182 674
182 689
182 700
182 709
182 714
182 719
182 723
182 725
182 732
182 733
182 735
182 736
182 743
182 749
182 750
182 754
182 756
182 757
182 758
182 763
182 768
182 771
182 777
182 780
182 781
182 797
182 799
182 804
182 805
182 809
182 811
182 813
182 814
182 815
182 816
217 317
217 289
217 131
217 229
217 187
217 195
217 597
217 439
217 102
217 577
217 130
217 245
217 473
217 585
217 589
217 510
217 404
217 576
217 413
217 617
217 580
217 622
217 624
217 632
217 647
217 649
217 650
217 655
217 656
217 662
217 663
217 664
217 670
217 675
217 677
217 679
217 681
217 686
217 700
217 707
217 710
217 723
217 724
217 727
217 732
217 733
217 734
217 738
217 746
217 758
217 762
217 765
217 773
217 774
217 781
217 785
217 805
217 806
217 807
217 808
217 810
217 815
238 289
238 550
238 131
238 20
238 449
238 325
151 345
151 557
151 116
151 130
151 131
151 143
151 195
151 229
151 389
151 289
151 375
151 597
151 580
151 622
151 700
151 723
151 732
151 734
151 735
151 738
151 774
151 781
151 785
271 482
317 352
317 9
317 46
317 70
317 83
317 107
317 135
317 229
317 288
317 289
317 550
317 584
317 505
317 324
317 446
317 372
317 340
317 343
317 576
317 404
317 617
317 620
317 622
317 631
317 640
317 647
317 648
317 650
317 652
317 655
317 669
317 677
317 679
317 681
317 686
317 689
317 691
317 693
317 697
317 700
317 707
317 712
317 716
317 733
317 734
317 735
317 740
317 759
317 761
317 762
317 771
317 772
317 774
317 775
317 787
317 788
317 802
317 804
317 806
361 550
361 229
361 576
340 254
340 9
340 288
340 289
340 249
340 593
340 550
340 131
340 446
340 15
340 43
340 50
340 70
340 107
340 130
340 208
340 170
340 181
340 189
340 445
340 195
340 202
340 229
340 245
340 323
340 570
340 473
340 355
340 505
340 342
340 440
340 343
340 248
340 568
340 459
340 351
340 39
340 465
340 581
340 498
340 630
340 638
340 647
340 648
340 657
340 658
340 659
340 660
340 662
340 675
340 686
340 687
340 688
340 696
340 700
340 701
340 704
340 715
340 717
340 718
340 720
340 721
340 723
340 724
340 733
340 735
340 736
340 747
340 756
340 766
340 772
340 774
340 777
340 784
340 785
340 802
340 805
340 807
340 808
340 817
355 550
355 20
355 130
372 550
372 465
372 324
372 343
372 389
372 116
372 207
372 342
372 700
372 735
39 43
39 250
39 509
39 576
446 9
446 116
446 128
446 135
446 208
446 229
446 314
446 389
446 404
446 558
446 584
446 505
446 622
446 700
446 723
446 732
446 734
446 735
446 774
446 781
446 785
558 254
558 593
558 343
558 526
558 116
558 136
558 536
576 288
576 593
576 229
576 128
576 584
576 445
576 155
576 175
576 136
576 622
576 686
576 723
576 735
576 738
576 774
584 550
584 519
584 275
584 82
584 225
597 289
597 593
597 131
597 229
597 195
597 130
597 453
597 342
597 399
597 413
597 622
597 623
597 639
597 646
597 647
597 648
597 658
597 660
597 662
597 686
597 700
597 701
597 716
597 723
597 727
597 732
597 735
597 738
597 763
597 774
597 781
597 785
597 802
622 352
622 518
622 9
622 289
622 550
622 465
622 498
622 374
622 343
622 31
622 357
622 524
622 164
622 526
630 288
630 248
630 505
639 289
639 498
639 70
639 545
639 374
639 357
639 524
639 389
639 116
644 289
644 389
649 9
649 229
649 498
649 357
650 131
650 248
650 505
650 343
658 518
658 288
658 229
658 505
658 343
658 357
658 389
658 116
659 498
669 289
669 248
669 70
682 288
682 248
682 389
686 254
686 518
686 288
686 550
686 131
686 248
686 465
686 70
686 505
686 545
686 31
686 357
686 524
686 164
686 253
690 505
691 248
691 229
691 389
695 9
696 518
696 289
696 229
700 352
700 518
700 9
700 550
700 229
700 70
700 505
700 432
700 545
700 374
700 613
700 128
700 343
700 357
700 526
700 181
700 224
700 389
700 253
700 116
712 288
712 248
712 505
712 343
712 31
718 70
718 357
724 288
724 131
724 248
724 70
724 343
724 389
725 9
725 229
725 498
725 505
725 374
725 524
725 164
725 389
726 518
734 288
734 289
734 550
734 131
734 248
734 498
734 545
735 518
735 9
735 289
735 550
735 131
735 229
735 465
735 498
735 505
735 374
735 343
735 524
735 164
735 526
735 389
735 253
738 352
738 254
738 9
738 550
738 131
738 248
738 229
738 70
738 505
738 545
738 128
738 343
738 31
738 524
738 164
738 389
738 253
753 518
753 229
753 70
753 389
763 518
763 288
763 248
763 229
763 70
763 357
765 518
765 131
765 357
769 288
769 131
774 518
774 9
774 288
774 550
774 248
774 229
774 498
774 70
774 374
774 613
774 343
774 524
774 253
774 116
776 288
776 498
788 70
788 31
788 524
788 389
804 288
804 289
804 357
804 389
805 352
805 518
805 288
805 289
805 550
805 131
805 505
805 374
805 343
805 31
805 389
807 289
807 229
816 498
816 357
194 226
319 559
319 522
319 365
365 222
365 522
522 559
522 222
202 288
202 343
202 183
202 171
202 186
202 426
308 125
358 467
423 125
459 288
459 343
459 183
459 171
459 186
459 426
467 42
565 125
559 192
289 9
289 128
289 229
289 351
289 505
289 343
289 510
289 288
289 248
289 648
289 709
289 716
289 719
289 733
289 780
289 802
289 621
289 624
289 677
289 732
289 50
289 122
289 325
289 637
289 640
289 646
289 647
289 674
289 675
289 703
289 723
289 755
289 786
289 813
289 815
229 9
229 43
229 70
229 111
229 131
229 136
229 445
229 505
229 389
229 509
229 436
229 549
229 396
229 440
229 554
229 623
229 624
229 642
229 652
229 654
229 655
229 656
229 660
229 661
229 672
229 685
229 692
229 694
229 701
229 702
229 708
229 719
229 723
229 728
229 731
229 733
229 740
229 741
229 743
229 757
229 781
229 785
229 790
229 799
229 809
229 814
357 692
357 719
357 767
357 781
357 783
357 710
357 732
357 794
357 631
357 646
357 758
357 625
357 652
357 739
357 751
357 518
357 31
357 543
357 504
357 118
357 430
357 524
357 508
357 164
357 165
357 127
357 395
357 596
357 79
357 515
357 48
357 448
357 179
357 335
357 307
357 491
357 572
357 313
357 63
357 45
357 532
357 632
357 641
357 647
357 655
357 693
357 727
357 755
227 121
227 352
227 557
227 135
227 195
227 436
227 370
227 577
227 442
227 453
227 102
9 254
9 288
9 206
9 249
9 593
9 550
9 131
9 15
9 248
9 570
9 189
9 107
9 465
9 351
9 498
9 625
9 637
9 640
9 641
9 643
9 648
9 664
9 675
9 680
9 681
9 689
9 692
9 697
9 702
9 707
9 709
9 716
9 727
9 732
9 733
9 740
9 757
9 760
9 771
9 781
9 815
9 818
288 70
288 419
288 83
288 131
288 254
288 351
288 570
288 130
288 208
288 189
288 593
288 249
288 536
288 550
288 248
288 455
288 342
288 323
288 528
288 465
288 621
288 633
288 635
288 640
288 645
288 646
288 648
288 652
288 675
288 703
288 730
288 732
288 743
288 751
288 762
288 772
288 778
288 780
288 782
288 813
288 815
288 817
288 818
128 419
128 254
128 131
128 570
128 465
128 373
128 404
128 208
128 135
128 723
257 195
343 419
343 131
343 593
343 550
343 248
343 570
343 465
343 208
343 342
343 536
343 631
343 647
343 648
343 662
343 677
343 701
343 716
343 723
343 732
343 736
343 781
343 785
343 814
54 275
54 536
7 293
7 305
7 339
7 444
7 583
536 70
536 116
536 136
536 526
383 70
383 107
383 160
383 170
383 442
389 60
389 111
389 136
389 312
389 321
389 360
389 531
389 458
389 432
389 454
389 623
389 664
389 709
389 716
389 736
389 742
389 759
389 767
389 785
389 802
389 809
389 814
389 656
389 732
389 800
389 50
389 195
389 37
389 82
389 114
389 177
389 554
389 298
389 451
389 628
389 629
389 634
389 638
389 640
389 663
389 689
389 693
389 703
389 707
389 727
389 730
389 739
389 743
389 779
389 789
389 806
389 815
131 50
131 122
131 505
131 510
131 248
131 325
131 351
131 627
131 631
131 660
131 672
131 693
131 703
131 723
131 742
131 755
131 767
131 780
131 802
338 505
338 607
439 60
439 70
439 136
195 175
195 526
618 393
618 12
618 216
618 234
618 471
243 116
243 521
781 116
781 505
781 352
781 248
781 518
781 498
781 374
781 31
781 524
254 4
254 34
254 70
254 419
254 83
254 155
254 570
254 465
254 505
254 723
32 581
32 183
32 364
32 159
32 300
34 419
34 373
34 208
70 15
70 249
70 593
70 550
70 248
70 570
70 189
70 107
70 465
70 498
70 526
70 50
70 205
70 72
70 505
70 323
70 170
70 473
70 116
70 599
70 181
70 269
70 403
70 342
70 275
70 102
70 235
70 577
70 244
70 623
70 627
70 631
70 641
70 643
70 646
70 648
70 660
70 674
70 684
70 710
70 716
70 719
70 721
70 723
70 727
70 732
70 733
70 737
70 740
70 751
70 758
70 764
70 775
70 780
70 784
70 785
70 794
70 798
70 800
70 808
70 810
70 813
419 570
419 465
419 155
83 43
83 465
245 593
245 509
245 322
245 473
245 291
245 580
245 416
155 136
155 293
155 570
505 15
505 43
505 107
505 593
505 550
505 248
505 570
505 465
505 498
505 146
505 253
505 269
505 325
505 410
505 469
505 592
505 599
505 621
505 646
505 651
505 652
505 653
505 662
505 677
505 687
505 698
505 706
505 714
505 715
505 722
505 723
505 736
505 743
505 747
505 749
505 756
505 761
505 771
505 772
505 773
505 779
505 783
505 786
505 791
505 792
505 806
505 817
432 15
432 159
432 479
432 364
432 375
432 386
432 185
432 454
432 130
432 260
324 20
324 422
300 581
300 303
300 564
136 208
136 130
136 422
136 568
116 59
116 593
116 248
116 275
116 366
116 342
116 647
116 723
116 785
248 242
248 352
248 599
248 550
248 181
248 224
248 269
248 291
248 381
248 416
248 499
248 498
248 621
248 623
248 627
248 629
248 660
248 662
248 681
248 692
248 703
248 719
248 723
248 732
248 733
248 742
248 755
248 771
248 775
248 780
248 783
248 802
248 809
248 813
248 815
569 224
275 593
570 293
465 41
351 342
624 498
627 498
627 524
646 31
646 524
672 498
674 524
697 524
701 498
701 31
707 31
710 518
710 498
716 498
716 31
719 524
723 518
723 550
723 374
723 31
723 164
723 526
727 498
727 31
733 518
812 524
814 498
814 524
817 518
557 394
473 206
479 360
479 458
550 88
550 107
550 578
550 785
550 732
550 46
550 323
550 474
550 647
208 455
580 143
580 345
242 498
242 20
242 323
625 518
629 498
629 524
648 498
648 31
652 524
660 374
660 524
662 31
662 524
730 498
742 498
757 524
759 498
759 31
767 524
784 498
799 518
802 545
802 164
2 345
4 287
4 336
15 454
15 43
408 418
408 581
408 143
408 599
41 31
41 594
41 397
41 62
41 193
41 109
41 321
41 121
41 282
43 253
43 102
43 360
43 577
62 285
62 169
62 266
62 449
62 269
62 193
62 392
62 282
71 49
71 495
88 498
88 460
88 474
107 291
107 416
107 498
111 451
112 498
120 375
121 433
121 553
140 581
143 581
143 114
143 134
143 407
143 397
143 184
143 172
143 456
148 498
148 253
148 57
148 563
159 360
159 397
159 375
159 458
166 418
166 183
169 31
169 109
169 181
169 397
169 282
172 581
172 599
183 50
261 397
261 82
261 436
261 451
476 258
476 181
476 368
320 181
320 109
341 282
345 203
345 391
345 435
345 451
345 531
346 599
404 321
404 360
404 544
404 359
404 375
404 281
404 386
404 458
321 135
360 364
360 135
360 298
360 568
364 282
364 397
364 458
531 436
386 135
386 458
386 260
386 298
510 177
397 581
397 114
397 133
397 184
397 600
458 135
458 260
352 3
352 40
352 13
352 526
352 244
352 181
352 224
352 235
352 385
352 470
352 498
352 368
352 732
578 235
578 46
578 417
578 86
578 50
578 110
578 588
433 193
436 330
436 575
436 489
599 269
449 608
449 450
449 31
449 411
449 193
449 282
449 553
456 134
456 184
456 251
456 268
623 498
623 524
692 498
692 31
692 524
736 498
736 31
771 524
783 518
785 518
785 545
785 374
785 31
647 498
647 518
647 31
647 164
647 524
647 545
815 498
815 31
815 524
8 278
8 73
8 98
8 369
323 498
323 593
323 253
323 162
323 610
96 379
96 211
135 544
135 359
135 281
463 268
621 31
677 518
677 498
705 524
711 524
732 498
732 545
732 524
732 164
750 518
793 518
793 498
793 524
794 498
800 524
526 498
526 363
526 552
526 517
526 181
526 519
526 462
526 224
526 235
526 403
526 388
747 518
748 498
813 31
813 524
518 749
518 6
518 31
518 38
518 48
518 63
518 79
518 85
518 100
518 424
518 118
518 123
518 127
518 142
518 164
518 165
518 179
518 191
518 199
518 139
518 220
518 255
518 256
518 292
518 297
518 307
518 313
518 315
518 316
518 327
518 328
518 335
518 347
518 348
518 45
518 395
518 414
518 421
518 430
518 448
518 457
518 480
518 487
518 504
518 508
518 515
518 543
518 585
518 595
518 596
518 546
518 602
518 524
518 566
518 572
518 573
518 612
518 532
518 579
518 670
518 671
518 678
518 703
518 752
518 796
518 798
498 631
498 563
498 385
498 64
498 69
498 232
498 146
498 162
498 225
498 253
498 460
498 290
498 337
498 354
498 469
498 474
498 587
498 571
498 530
498 511
498 628
498 637
498 666
498 694
498 703
498 731
498 737
498 806
545 311
545 16
545 516
545 119
545 400
545 84
545 101
545 124
545 144
545 150
545 152
545 237
545 284
545 274
545 329
545 353
545 382
545 117
545 441
545 334
545 609
545 613
334 16
334 516
334 119
334 400
334 21
334 75
334 237
334 274
334 374
334 117
334 466
334 613
374 311
374 16
374 516
374 119
374 400
374 237
374 84
374 101
374 124
374 144
374 150
374 152
374 284
374 274
374 329
374 353
374 382
374 117
374 441
374 609
374 613
613 311
613 16
613 516
613 119
613 400
613 237
613 117
613 274
613 75
613 124
613 150
613 263
613 466
230 24
230 547
230 26
230 28
230 108
230 147
230 501
230 502
230 438
230 306
230 279
230 527
230 591
31 631
31 424
31 285
31 543
31 507
31 508
31 491
31 595
31 63
31 327
31 266
31 48
31 179
31 546
31 142
31 269
31 524
31 488
31 515
31 193
31 315
31 806
491 79
491 424
491 123
491 142
491 164
491 179
491 328
491 421
491 508
491 515
491 566
491 612
491 579
524 631
524 48
524 123
524 127
524 142
524 164
524 165
524 179
524 191
524 307
524 313
524 315
524 328
524 347
524 45
524 395
524 421
524 457
524 543
524 596
524 428
524 586
524 541
524 551
524 488
524 566
524 579
524 632
524 675
524 704
524 772
524 806
164 176
164 48
164 63
164 424
164 142
164 543
164 507
164 508
164 595
164 327
164 179
164 546
164 488
164 515
164 315
164 256
164 337
164 307
181 258
181 363
181 552
181 517
181 109
181 235
224 244
224 258
224 363
224 552
224 517
224 262
224 235
224 376
224 443
224 388
224 470
235 244
235 258
235 363
235 552
235 517
235 368
235 354
235 472
253 563
253 104
253 69
253 91
253 232
253 529
253 146
253 225
253 354
253 469
311 503
311 441
311 329
311 101
311 144
311 150
311 152
311 137
311 263
311 353
516 16
516 21
516 75
516 237
516 274
516 400
516 117
516 466
516 119
117 16
117 119
117 400
117 237
117 75
117 137
117 274
117 466
50 544
50 171
50 483
50 562
50 330
154 331
154 78
154 55
154 210
154 158
154 129
154 437
154 252
154 214
154 452
154 223
154 533
563 377
563 240
563 104
563 469
563 81
563 290
563 91
563 232
563 134
563 225
102 554
577 299
577 554
244 61
244 368
244 472
46 417
46 86
46 110
440 418
440 250
445 250
146 193
146 93
146 232
146 354
146 567
410 269
469 104
469 225
469 290
585 448
604 378
451 82
451 554
187 22
187 270
187 104
187 420
187 514
20 481
20 160
82 171
82 409
225 290
225 493
399 197
226 431
226 371
171 406
186 414
186 92
287 303
336 303
293 49
305 106
305 339
305 583
339 583
339 444
444 106
583 106
418 138
418 506
193 285
193 273
193 282
282 392
282 285
282 236
269 72
392 228
72 240
403 258
403 517
49 29
49 512
49 196
49 188
495 178
495 539
460 385
460 582
460 587
460 571
474 529
122 53
114 138
114 134
114 200
114 201
114 184
134 232
134 184
134 251
407 133
184 251
57 264
442 129
521 105
521 437
521 218
521 477
258 10
258 363
368 470
368 363
368 262
368 286
203 435
260 294
3 608
3 377
3 40
3 450
3 484
3 299
3 65
3 185
3 228
40 344
40 333
40 538
40 484
40 240
385 69
385 587
385 571
470 262
470 470
185 377
185 65
185 17
185 333
185 538
185 356
185 240
575 299
608 17
608 65
608 240
608 377
608 538
450 377
450 17
450 65
450 240
450 538
499 286
499 468
251 560
483 156
483 76
377 240
377 299
377 344
377 356
377 538
484 240
299 17
299 65
299 168
299 240
299 272
299 538
299 299
299 356
65 17
65 333
65 240
104 290
104 22
81 290
363 25
363 401
363 388
443 590
587 571
162 610
530 387
5 503
441 220
441 21
441 144
441 152
441 329
441 353
441 137
329 21
329 84
329 101
329 150
329 152
329 137
329 609
329 382
101 216
101 124
101 152
144 150
152 382
152 137
6 429
6 163
6 486
6 478
429 163
429 535
429 220
429 362
429 427
429 478
163 535
163 561
163 486
163 478
486 478
478 176
478 220
478 362
478 427
478 535
478 497
535 220
535 427
535 497
220 176
220 427
362 176
427 176
176 216
176 301
176 497
63 139
63 448
63 572
63 504
63 602
63 45
79 507
79 595
79 546
79 414
79 85
85 507
85 335
85 292
424 27
424 480
424 256
424 348
424 118
118 507
123 179
123 292
123 347
127 347
142 99
142 596
165 179
165 165
165 596
179 347
179 596
179 605
179 292
191 45
199 316
199 566
292 335
292 307
292 421
292 612
292 328
297 448
307 335
313 488
327 480
328 508
328 596
335 414
347 543
347 488
45 461
395 508
421 595
421 546
448 572
448 602
448 487
508 47
515 612
595 546
596 488
546 507
546 546
572 19
572 572
216 98
216 402
99 98
99 431
99 108
605 98
605 501
605 591
605 523
461 141
461 574
47 475
47 500
393 10
393 190
393 415
12 548
12 310
471 98
278 215
73 369
98 74
98 295
369 173
369 304
215 204
215 540
215 405
204 540
540 405
108 547
108 147
108 527
501 24
501 547
501 502
501 147
501 279
501 126
501 527
591 24
591 547
591 147
523 95
529 412
93 103
93 567
93 94
93 614
567 103
387 425
387 390
11 212
11 485
11 264
11 380
11 174
11 259
212 485
212 174
212 264
212 380
212 259
485 525
485 115
485 264
485 145
485 174
485 259
485 241
485 380
264 14
264 145
264 174
264 241
264 259
264 525
264 318
264 380
380 145
380 174
174 318
174 259
525 145
115 145
145 241
14 326
318 447
447 606
548 105
548 267
548 219
548 556
556 556
16 119
16 400
16 237
16 274
16 466
16 75
119 75
119 237
119 274
119 400
119 466
400 75
400 237
400 274
400 466
237 75
237 274
274 75
274 466
75 75
138 80
22 270
22 22
22 420
270 420
24 547
24 502
24 306
547 147
547 306
547 502
547 527
502 147
502 213
502 502
502 126
147 28
147 438
147 126
147 527
147 279
527 28
527 438
126 30
500 513
141 66
141 51
141 280
141 574
437 78
437 55
437 210
437 158
437 252
437 452
36 490
490 33
33 209
209 180
412 153
180 496
180 331
180 520
331 78
78 55
78 210
78 158
78 252
78 214
78 452
55 210
55 158
55 252
55 452
55 214
210 158
210 252
210 452
210 223
158 252
158 452
158 214
158 223
252 223
252 452
214 534
214 223
214 533
452 223
223 542
178 539
539 367
192 371
379 77
103 94
95 492
231 425
